Epoch,Train_Loss,Window
0,0.014571966604715266,1
1,0.003561696134540052,1
2,0.003985830247100048,1
3,0.001708660512529185,1
4,0.0022492422243857463,1
5,0.00276517922336144,1
6,0.0014941072549517222,1
7,0.0017065334957240936,1
8,0.001723242969079006,1
9,0.0012221629413947854,1
10,0.001407348880833457,1
11,0.0011235050690368677,1
12,0.0009407242089576267,1
13,0.0006062933791761317,1
14,0.000769238917398589,1
15,0.0009003064150782539,1
16,0.0005846620650760998,1
17,0.000538899194969438,1
18,0.0004775488280980217,1
19,0.0002999152692067576,1
20,0.0005576719540950469,1
21,0.0006265361519987771,1
22,0.0005237814858996239,1
23,0.00050381152391052,1
24,0.0005060835603137072,1
25,0.000809080883647513,1
26,0.0005241647400100153,1
27,0.00034446547936513246,1
28,0.00036096654495944356,1
29,0.0006810768969026544,1
30,0.0006008001966753851,1
31,0.0003557039777791584,1
32,0.0006545609694360728,1
33,0.00034008302582458447,1
34,0.0003344903622811482,1
35,0.0002763906424669812,1
36,0.0003649395561922776,1
37,0.00033553221108853704,1
38,0.0001770911453603901,1
39,0.0003203017991275118,1
40,0.0006051098625195695,1
41,0.0004756831997413258,1
42,0.0003858937008804744,1
43,0.00025979337658203777,1
44,0.0005508313292677228,1
45,0.0003089991696411689,1
46,0.00039461531020398865,1
47,0.00033567922069144713,1
48,0.0002838774491369946,1
49,0.0003097094262583345,1
0,0.007658760698142961,2
1,0.004252667235507344,2
2,0.002571130323686706,2
3,0.002429110626518485,2
4,0.0018616779168108971,2
5,0.0035097355119672975,2
6,0.001452911512768762,2
7,0.0020764858752992687,2
8,0.0026156829444412477,2
9,0.0012180413640303458,2
10,0.001306599278750692,2
11,0.0017436904351927187,2
12,0.0010893445852718303,2
13,0.0006257385255222071,2
14,0.0012378959757855035,2
15,0.0005641115392488496,2
16,0.0004772703385519257,2
17,0.0004865938354544623,2
18,0.00044193098322585484,2
19,0.0007200550023812891,2
20,0.00035878771229299727,2
21,0.00042708594720760186,2
22,0.00030894827204579954,2
23,0.0008153878669538667,2
24,0.002253045485468719,2
25,0.0005974000823213939,2
26,0.0007239879385534311,2
27,0.00028785601210441953,2
28,0.0015380857632173572,2
29,0.0005040681340285671,2
30,0.0005494109440770672,2
31,0.0003462960299425616,2
32,0.0004998096829156665,2
33,0.0004694580044027714,2
34,0.0005784104097351091,2
35,0.0001762049732429957,2
36,0.0005234890597579882,2
37,0.0004501047297618258,2
38,0.0003331029708249165,2
39,0.0005142307797423576,2
40,0.00029259392566142745,2
41,0.0003214184760490406,2
42,0.0001551449014600168,2
43,0.00028970887825024375,2
44,0.00031091967654510634,2
45,0.00017857794326550818,2
46,0.0005722961894687775,2
47,0.000347185264653874,2
48,0.0004139663187650428,2
49,0.00023344520447004627,2
0,0.009170189908066931,3
1,0.0034186279003421104,3
2,0.00394502349474839,3
3,0.0022690089809016757,3
4,0.0016166890960775877,3
5,0.0020274633969911185,3
6,0.0025034267175084502,3
7,0.0012836382480088952,3
8,0.0020804766059508437,3
9,0.0007681764105710829,3
10,0.0014293859833302042,3
11,0.0007559545749473464,3
12,0.0011558647089939154,3
13,0.0009635781315595141,3
14,0.0008660760739511601,3
15,0.0005819712803463915,3
16,0.001314702166927974,3
17,0.000724755789766361,3
18,0.0010313573857636841,3
19,0.0005811645260096908,3
20,0.0007519191096285989,3
21,0.0008353859810674304,3
22,0.0005236940621980634,3
23,0.0004381192069691318,3
24,0.0007556929664041707,3
25,0.000546920045868035,3
26,0.0015957680380283277,3
27,0.00032349899860241617,3
28,0.0005459685280247177,3
29,0.00044895130273566553,3
30,0.00046197487260666133,3
31,0.000590369209873178,3
32,0.00036385989286237763,3
33,0.00039394849359685705,3
34,0.00020108923596516936,3
35,0.00036114838302796627,3
36,0.00037005458002591774,3
37,0.00026238122975392694,3
38,0.0005373313980710405,3
39,0.0002709403430505611,3
40,0.00017605649297289922,3
41,0.0003295800605436801,3
42,0.00024869577516304454,3
43,0.00037282202478037705,3
44,0.00026358414812561147,3
45,0.00035499094005216785,3
46,0.0003628538695537645,3
47,0.000192980613517669,3
48,0.00031788201307204065,3
49,0.0004084010558116605,3
0,0.011822091898292903,4
1,0.0039968492210513615,4
2,0.0029582747711604466,4
3,0.0018746196334745427,4
4,0.00216320586661343,4
5,0.0013688950494619087,4
6,0.0013263317345426533,4
7,0.001177963281416072,4
8,0.0006185115862328754,4
9,0.0023057516130446437,4
10,0.0013313135150719241,4
11,0.0006534036916581073,4
12,0.0006947761679606188,4
13,0.0006431219569214989,4
14,0.00043776278822179053,4
15,0.0006902864007074254,4
16,0.0008045128848620553,4
17,0.0006322935678210041,4
18,0.0006835818204922207,4
19,0.0006730855538622046,4
20,0.0005510521024945273,4
21,0.0003186177496365312,4
22,0.00030248832589469795,4
23,0.001018380954077608,4
24,0.0004716594503947905,4
25,0.00029101377264610694,4
26,0.0009516867827091096,4
27,0.00011342327203523672,4
28,0.0005137398131253972,4
29,0.00022276412250789047,4
30,0.00018858179306627677,4
31,0.0002709681879537107,4
32,0.00032705618102754294,4
33,0.0007956703733214001,4
34,0.0003717416694164016,4
35,0.00039223251797398224,4
36,0.0003400465281051649,4
37,0.0007344115872699922,4
38,0.0005932346773704525,4
39,0.0002920509699533967,4
40,0.00038171650759297085,4
41,0.0003358504789509073,4
42,0.0005902336258945147,4
43,0.00032308686355589806,4
44,0.00035954827543339203,4
45,0.00028471146742426525,4
46,0.00025429891859964657,4
47,0.0001868874550821714,4
48,0.0005600402106353134,4
49,0.000324000775632451,4
0,0.010262396228305054,5
1,0.004597087554930352,5
2,0.0027802246294867834,5
3,0.0026159285631136885,5
4,0.002562988193792894,5
5,0.000998074027103187,5
6,0.0012433137390526028,5
7,0.0015962006455952197,5
8,0.0005605169695601457,5
9,0.0008871224678080497,5
10,0.0023165925159562093,5
11,0.0020919279680491737,5
12,0.0019127932659884531,5
13,0.0009073632411201602,5
14,0.0005664850174459313,5
15,0.0009392866327643561,5
16,0.0006393579594569523,5
17,0.00078925949339628,5
18,0.0007344427108950054,5
19,0.0011914044749047963,5
20,0.0009819051754536023,5
21,0.0007396790440484097,5
22,0.0008660457452947204,5
23,0.0007761918146274515,5
24,0.0005574599862709373,5
25,0.0005834267587398883,5
26,0.0007301756606570254,5
27,0.0006516905720556458,5
28,0.00044194814818737676,5
29,0.00025479836899573846,5
30,0.0005793422406057697,5
31,0.0007305663815796308,5
32,0.000645343285112506,5
33,0.0007304207923693235,5
34,0.0003710784967550333,5
35,0.0008342556850466723,5
36,0.0003240572360859836,5
37,0.0005108538774580651,5
38,0.0008400749285464749,5
39,0.00042381876870044077,5
40,0.0004337095984032295,5
41,0.000596179453869882,5
42,0.0006041039646701749,5
43,0.0006762395971522984,5
44,0.00035182628603134354,5
45,0.00034955507567225637,5
46,0.0005514909400413387,5
47,0.0005801364917279255,5
48,0.0004253904502615518,5
49,0.0014567497718180051,5
