Epoch,Train_Loss,Window
0,0.011143574159878603,1
1,0.00547224454787962,1
2,0.0031261026922398635,1
3,0.0030966005105901788,1
4,0.003337680597586348,1
5,0.0016343910243103983,1
6,0.002357329092434683,1
7,0.0022003325834817613,1
8,0.0033868389552358267,1
9,0.0017686292550873094,1
10,0.0016027452558973938,1
11,0.0021418560059487863,1
12,0.0013387256789341156,1
13,0.0020233575395516464,1
14,0.001193236868609289,1
15,0.0014999571902952354,1
16,0.0007691910930059128,1
17,0.0016706843437772538,1
18,0.0014219925217218213,1
19,0.0017527246109674778,1
20,0.0007907487932149598,1
21,0.0010409296297186077,1
22,0.0009748842810181691,1
23,0.001378657130858799,1
24,0.0005719976291548,1
25,0.0008671454024700981,1
26,0.0006392217506599436,1
27,0.0008548136175509408,1
28,0.0009434698396784347,1
29,0.000682454243936335,1
30,0.000938267854152134,1
31,0.0005804488229496809,1
32,0.0009427431930138701,1
33,0.0009865048620101241,1
34,0.001152109804931899,1
35,0.0012477150677780342,1
36,0.00083779112120513,1
37,0.0005437577584113037,1
38,0.0008954804697042047,1
39,0.0006750968760351838,1
40,0.0006511436993214866,1
41,0.0005302656373903967,1
42,0.00048086920630833384,1
43,0.0006444741171042148,1
44,0.0005950373960623776,1
45,0.001679215302146234,1
46,0.0007433892662828634,1
47,0.000818231057577017,1
48,0.0011815927921824227,1
49,0.0014028700384172222,1
0,0.009290700593812904,2
1,0.005091904459603679,2
2,0.0041712984264325025,2
3,0.003999513446189678,2
4,0.0030440252446202938,2
5,0.0017648091730730292,2
6,0.002681223050119036,2
7,0.0026022649229784883,2
8,0.0011676276020679943,2
9,0.006801431397155788,2
10,0.0015267323598557893,2
11,0.0011494010336608553,2
12,0.0012811769507983827,2
13,0.0014797309718755983,2
14,0.005502239620562357,2
15,0.0012748031885634913,2
16,0.0013527495790684398,2
17,0.002357150471361661,2
18,0.0015065384115802289,2
19,0.0007060753861918645,2
20,0.0008777841581449581,2
21,0.0007854871099713848,2
22,0.0007402815299748272,2
23,0.0011421781215616906,2
24,0.000559659297336215,2
25,0.0004780690609802512,2
26,0.0008163149911833863,2
27,0.0010924833020867146,2
28,0.0018232343873664009,2
29,0.002205817991814133,2
30,0.0005475378264877853,2
31,0.0015053240915692012,2
32,0.0008865018418970003,2
33,0.001291245751666822,2
34,0.0015515933756607705,2
35,0.000817043819741672,2
36,0.00042744973189225047,2
37,0.0009608389254954851,2
38,0.0006321522288738815,2
39,0.0004077120083427917,2
40,0.0007546900736511717,2
41,0.0008307276512548172,2
42,0.0006279955333073646,2
43,0.0007960915604611147,2
44,0.0012107943650839928,2
45,0.0004780872331781177,2
46,0.0005845676244914924,2
47,0.0010443684298630188,2
48,0.0008332910596117668,2
49,0.0008482468595286324,2
0,0.011999113414159353,3
1,0.006655001319360023,3
2,0.004038565340670474,3
3,0.004097626535842949,3
4,0.0025877256780930313,3
5,0.0020466758778393502,3
6,0.002142398035766055,3
7,0.005227947233470563,3
8,0.0024335199556321015,3
9,0.002239763161575093,3
10,0.0019711408512161997,3
11,0.0011010814840237226,3
12,0.000990637281339098,3
13,0.002458247286507997,3
14,0.0008211552267949194,3
15,0.0010461744363189603,3
16,0.0008896499104547625,3
17,0.0017030901464533629,3
18,0.0024911439640270426,3
19,0.0019560036021860844,3
20,0.0013691811083318495,3
21,0.0006394916704023848,3
22,0.0007149260330670816,3
23,0.0007578445299150416,3
24,0.00083005541956575,3
25,0.0012630017057368961,3
26,0.0007820284725065089,3
27,0.001196434893408626,3
28,0.0009737212714980369,3
29,0.0012031208792913444,3
30,0.0008026168837934048,3
31,0.0006437830887091279,3
32,0.0015319656893509827,3
33,0.0010947721910359108,3
34,0.0003364283599397644,3
35,0.0006254435343898365,3
36,0.0012520627773966368,3
37,0.0004840562824238247,3
38,0.001242756193016894,3
39,0.0006691758839851943,3
40,0.0005724881617658803,3
41,0.001026916596708315,3
42,0.0011961676267608996,3
43,0.0011025613335552441,3
44,0.0006330863947076357,3
45,0.0011704482166010961,3
46,0.0020821610571987474,3
47,0.0008095287452086736,3
48,0.000510997550249242,3
49,0.0005804001455677566,3
0,0.011558133363533618,4
1,0.005963099334797238,4
2,0.004358485419800264,4
3,0.002108946941042032,4
4,0.0036501429611836924,4
5,0.0020731075829912636,4
6,0.001814387376468149,4
7,0.0016720962104380002,4
8,0.0025425695255983684,4
9,0.0014166442587895095,4
10,0.0019080436409554193,4
11,0.0008560660827142276,4
12,0.001576819466106523,4
13,0.0018884318518164946,4
14,0.0023729208643560764,4
15,0.001942419140267552,4
16,0.0014689270617538794,4
17,0.001815777491746051,4
18,0.002682674537256071,4
19,0.0019329504508654096,4
20,0.0012920378481559127,4
21,0.0009726199920741055,4
22,0.0008639703445218102,4
23,0.0003965620656771062,4
24,0.001299576292092423,4
25,0.0006637294382873291,4
26,0.0009232209351451596,4
27,0.000593952039013682,4
28,0.0006574950511662018,4
29,0.0016082952699924037,4
30,0.0008733906312940424,4
31,0.0006079294415175713,4
32,0.00035064373420522237,4
33,0.0002399262682251788,4
34,0.0005960759173958089,4
35,0.00048514016128444344,4
36,0.0006524740690061571,4
37,0.0009994513172602287,4
38,0.0011250855886042483,4
39,0.0010150661875415138,4
40,0.0008465061996316092,4
41,0.001661794751661282,4
42,0.0012535008047775112,4
43,0.0008558633746972071,4
44,0.000353712719650889,4
45,0.0006758586611388332,4
46,0.0004327868582821053,4
47,0.0006665195182616449,4
48,0.0004737906669331761,4
49,0.0015612997493020656,4
0,0.009959015689701922,5
1,0.006024157903980628,5
2,0.0038844923409981384,5
3,0.002344635452426908,5
4,0.0021993671587519645,5
5,0.005070884543724277,5
6,0.0013734664978296404,5
7,0.0015998956818543174,5
8,0.0031602421482902943,5
9,0.0017553623712572275,5
10,0.0023671127076860853,5
11,0.001348724803076827,5
12,0.0016738970489812237,5
13,0.0027508324791124437,5
14,0.0014670063033507437,5
15,0.0010764853599238202,5
16,0.0009691365471569762,5
17,0.0008092910506902324,5
18,0.0009117326162101592,5
19,0.0020268823338607024,5
20,0.001728567109614563,5
21,0.001047961933686576,5
22,0.0008029256014704657,5
23,0.0010080904478627724,5
24,0.0011068688399630629,5
25,0.001400255503053803,5
26,0.001063236716789252,5
27,0.0014462824525517976,5
28,0.0008487308838619395,5
29,0.0007247353130050202,5
30,0.0006144979879884534,5
31,0.0008017598852120778,5
32,0.0006319904092797363,5
33,0.0007248323279885363,5
34,0.00041377546068932015,5
35,0.0012685107021849888,5
36,0.001057826252632007,5
37,0.0004946308868161361,5
38,0.00070881281609067,5
39,0.0006664323549396903,5
40,0.000783465112729518,5
41,0.0005142783036300372,5
42,0.0006305058804779661,5
43,0.000611443339325701,5
44,0.0007092420570480097,5
45,0.0007537716972924565,5
46,0.0006642553365715875,5
47,0.0007140594462466286,5
48,0.0005383018604615182,5
49,0.0006202217690460886,5
