Epoch,Train_Loss
0,0.022814378142356873
1,0.047116685658693314
2,0.03893551602959633
3,0.02487318590283394
4,0.032588858157396317
5,0.030742233619093895
6,0.03056228533387184
7,0.025697361677885056
8,0.031198397278785706
9,0.02340945601463318
10,0.02242698334157467
11,0.016679419204592705
12,0.022614184767007828
13,0.01739913411438465
14,0.019475026056170464
15,0.016344740986824036
16,0.024704694747924805
17,0.015273071825504303
18,0.014790147542953491
19,0.015564441680908203
20,0.015654373914003372
21,0.018094893544912338
22,0.016261396929621696
23,0.015385749749839306
24,0.016448358073830605
25,0.019433537498116493
26,0.016448121517896652
27,0.014678938314318657
28,0.015037884004414082
29,0.013268722221255302
30,0.011561909690499306
31,0.011937277391552925
32,0.015565948560833931
33,0.019459985196590424
34,0.017055340111255646
35,0.010055970400571823
36,0.014600582420825958
37,0.011476327665150166
38,0.012652979232370853
39,0.017851047217845917
40,0.012843791395425797
41,0.014183170162141323
42,0.01927271857857704
43,0.012390929274260998
44,0.01549615990370512
45,0.01318635419011116
46,0.019491400569677353
47,0.013861529529094696
48,0.016239769756793976
49,0.014910794794559479
50,0.01586606726050377
51,0.015232663601636887
52,0.011951075866818428
53,0.01158052682876587
54,0.014430969022214413
55,0.01115947775542736
56,0.010094032622873783
57,0.011512748897075653
58,0.01368754357099533
59,0.010344628244638443
60,0.012369289994239807
61,0.01476237177848816
62,0.016468683257699013
63,0.01089191809296608
64,0.013306109234690666
65,0.012468460015952587
66,0.012311870232224464
67,0.012009880505502224
68,0.0164739228785038
69,0.011667473241686821
70,0.012403013184666634
71,0.012026404961943626
72,0.01826905831694603
73,0.014476969838142395
74,0.013807100243866444
75,0.01137568335980177
76,0.017417514696717262
77,0.012927315197885036
78,0.01414349116384983
79,0.015179263427853584
80,0.014268174767494202
81,0.012608103454113007
82,0.012955699115991592
83,0.012040827423334122
84,0.01485203206539154
85,0.012407982721924782
86,0.012445262633264065
87,0.0167063158005476
88,0.011007657274603844
89,0.010873138904571533
90,0.011261746287345886
91,0.014311620034277439
92,0.018855951726436615
93,0.011853695847094059
94,0.013746935874223709
95,0.012346343137323856
96,0.009936824440956116
97,0.011105388402938843
98,0.012356841005384922
99,0.021189380437135696
100,0.013035900890827179
101,0.011939523741602898
102,0.012811606749892235
103,0.009820790030062199
104,0.017499685287475586
105,0.01269709412008524
106,0.01495180930942297
107,0.014795652590692043
108,0.013097784481942654
109,0.016137270256876945
110,0.013207878917455673
111,0.011923839338123798
112,0.011238275095820427
113,0.013949164189398289
114,0.014140207320451736
115,0.013677104376256466
116,0.012667438015341759
117,0.012922503054141998
118,0.011662069708108902
119,0.016723860055208206
120,0.012264329940080643
121,0.011081479489803314
122,0.018980611115694046
123,0.013169530779123306
124,0.012006129138171673
125,0.010504098609089851
126,0.012669418007135391
127,0.013096836395561695
128,0.011182773858308792
129,0.011375640518963337
130,0.011065819300711155
131,0.011223715730011463
132,0.013737359084188938
133,0.01073463261127472
134,0.011986872181296349
135,0.014794387854635715
136,0.01109602302312851
137,0.016247760504484177
138,0.015296831727027893
139,0.01550280675292015
140,0.013374749571084976
141,0.012285297736525536
142,0.014025653712451458
143,0.01223061978816986
144,0.012357102707028389
145,0.00984142068773508
146,0.014747818000614643
147,0.010586978867650032
148,0.013925093226134777
149,0.01314818486571312
150,0.011747719720005989
151,0.010710038244724274
152,0.009663999080657959
153,0.013426282443106174
154,0.013249471783638
155,0.013171011582016945
156,0.014608360826969147
157,0.01289165485650301
158,0.009550870396196842
159,0.01626167818903923
160,0.013885539025068283
161,0.015066414140164852
162,0.007376052904874086
163,0.012417834252119064
164,0.012647578492760658
165,0.014954912476241589
166,0.00965209025889635
167,0.01139905210584402
168,0.010108212009072304
169,0.011971590109169483
170,0.02003161981701851
171,0.008075974881649017
172,0.014799910597503185
173,0.016010133549571037
174,0.013059008866548538
175,0.01047353446483612
176,0.016180304810404778
177,0.009887656196951866
178,0.015011131763458252
179,0.013277821242809296
180,0.012977086007595062
181,0.013867711648344994
182,0.011613713577389717
183,0.012472358532249928
184,0.014550779014825821
185,0.014300092123448849
186,0.011180976405739784
187,0.013304909691214561
188,0.014009787701070309
189,0.015194464474916458
190,0.010883631184697151
191,0.01103635597974062
192,0.012540502473711967
193,0.009919979609549046
194,0.01134608592838049
195,0.010657518170773983
196,0.008691315539181232
197,0.012057250365614891
198,0.014020407572388649
199,0.013197077438235283
200,0.015177134424448013
201,0.012794054113328457
202,0.007942999713122845
203,0.01456450205296278
204,0.010582107119262218
205,0.014255508780479431
206,0.017493613064289093
207,0.011676977388560772
208,0.01670682802796364
209,0.014163028448820114
210,0.0100585101172328
211,0.012458951212465763
212,0.012377431616187096
213,0.011689443141222
214,0.01522004697471857
215,0.015334050171077251
216,0.013911197893321514
217,0.01459483802318573
218,0.013896122574806213
219,0.008885281160473824
220,0.017315173521637917
221,0.012001466937363148
222,0.00986892357468605
223,0.015309521928429604
224,0.013220126740634441
225,0.012755471281707287
226,0.013903322629630566
227,0.012022573500871658
228,0.013161999173462391
229,0.013286570087075233
230,0.011563990265130997
231,0.011249389499425888
232,0.011526706628501415
233,0.014367780648171902
234,0.011691613122820854
235,0.011174041777849197
236,0.009755855426192284
237,0.012137075886130333
238,0.009687216021120548
239,0.012960262596607208
240,0.011324591003358364
241,0.00993587076663971
242,0.015397881157696247
243,0.015180215239524841
244,0.01107366755604744
245,0.012475735507905483
246,0.012018287554383278
247,0.012884756550192833
248,0.01229842659085989
249,0.014940605498850346
250,0.015917029231786728
251,0.010488403961062431
252,0.012601999565958977
253,0.014178231358528137
254,0.011577378958463669
255,0.01447318121790886
256,0.00829907413572073
257,0.009749793447554111
258,0.01254612673074007
259,0.013336636126041412
260,0.010498177260160446
261,0.01407044567167759
262,0.013541546650230885
263,0.009719127789139748
264,0.011393116787075996
265,0.015524058602750301
266,0.009338405914604664
267,0.012728779576718807
268,0.01192550454288721
269,0.015251150354743004
270,0.014489347115159035
271,0.017501741647720337
272,0.00910415593534708
273,0.011586314998567104
274,0.011462094262242317
275,0.012082988396286964
276,0.011208649724721909
277,0.01635212078690529
278,0.010717768222093582
279,0.01254235953092575
280,0.01214219443500042
281,0.01394136343151331
282,0.015947286039590836
283,0.012529602274298668
284,0.012847267091274261
285,0.011726852506399155
286,0.01439901627600193
287,0.010059928521513939
288,0.011693818494677544
289,0.013680891133844852
290,0.013614380732178688
291,0.01648770086467266
292,0.010521810501813889
293,0.011616494506597519
294,0.00944080576300621
295,0.008919239975512028
296,0.012392010539770126
297,0.010966080240905285
298,0.01159815862774849
299,0.01148362085223198
300,0.0117436982691288
301,0.012028900906443596
302,0.013955840840935707
303,0.010828669182956219
304,0.010064104571938515
305,0.01531482208520174
306,0.015142099000513554
307,0.012439648620784283
308,0.016527054831385612
309,0.014144369401037693
310,0.010992353782057762
311,0.015803128480911255
312,0.017245322465896606
313,0.011998139321804047
314,0.012344935908913612
315,0.013382690027356148
316,0.012583904899656773
317,0.01500871405005455
318,0.013334457762539387
319,0.014797147363424301
320,0.010709295980632305
321,0.012136593461036682
322,0.012958010658621788
323,0.014055535197257996
324,0.01409432664513588
325,0.01111370325088501
326,0.010460949502885342
327,0.012591730803251266
328,0.008013661950826645
329,0.011121239513158798
330,0.010140445083379745
331,0.01234869472682476
332,0.015130603685975075
333,0.012475939467549324
334,0.011369120329618454
335,0.012113155797123909
336,0.014967318624258041
337,0.010218431241810322
338,0.013617127202451229
339,0.00988628901541233
340,0.009810570627450943
341,0.009244370274245739
342,0.015093591995537281
343,0.014519860036671162
344,0.015984028577804565
345,0.014898771420121193
346,0.01473870500922203
347,0.009276948869228363
348,0.010644868016242981
349,0.014446884393692017
350,0.013758765533566475
351,0.013886566273868084
352,0.01779608055949211
353,0.015070435591042042
354,0.017272677272558212
355,0.012151625007390976
356,0.012248819693922997
357,0.012589754536747932
358,0.017318852245807648
359,0.014045735821127892
360,0.016833437606692314
361,0.016835961490869522
362,0.013716011308133602
363,0.014755369164049625
364,0.01267546322196722
365,0.014136290177702904
366,0.013534320518374443
367,0.012993313372135162
368,0.013189848512411118
369,0.010652749799191952
370,0.01060425117611885
371,0.015029984526336193
372,0.016669368371367455
373,0.008316129446029663
374,0.012472448870539665
375,0.012513563968241215
376,0.011297769844532013
377,0.011054271832108498
378,0.016128651797771454
379,0.019032901152968407
380,0.017477352172136307
381,0.012277116067707539
382,0.01345166377723217
383,0.016757966950535774
384,0.012639915570616722
385,0.011981603689491749
386,0.014400127343833447
387,0.01724705845117569
388,0.012737950310111046
389,0.015142764896154404
390,0.011155514046549797
391,0.011085283942520618
392,0.00945128034800291
393,0.012708914466202259
394,0.01624254323542118
395,0.012070054188370705
396,0.012615053914487362
397,0.014300022274255753
398,0.01103622280061245
399,0.010047158226370811
400,0.012951551005244255
401,0.010691291652619839
402,0.012453379109501839
403,0.01532142423093319
404,0.009112671948969364
405,0.01150596421211958
406,0.01740880496799946
407,0.01690402626991272
408,0.010650042444467545
409,0.00970219075679779
410,0.012498614378273487
411,0.011876281350851059
412,0.009203484281897545
413,0.014069565571844578
414,0.015913281589746475
415,0.01133965328335762
416,0.012661796063184738
417,0.013203677721321583
418,0.012723197229206562
419,0.01320581417530775
420,0.01263309083878994
421,0.011526193469762802
422,0.012399923987686634
423,0.013284836895763874
424,0.01136952918022871
425,0.011950170621275902
426,0.01123053953051567
427,0.010421616025269032
428,0.010041833855211735
429,0.00802755169570446
430,0.01172313466668129
431,0.01079713273793459
432,0.010671470314264297
433,0.012392752803862095
434,0.008636530488729477
435,0.010755226016044617
436,0.012291820719838142
437,0.010592268779873848
438,0.012896450236439705
439,0.011463982984423637
440,0.01418375689536333
441,0.01008182018995285
442,0.012716352939605713
443,0.010454940609633923
444,0.012006032280623913
445,0.01051944587379694
446,0.013038145378232002
447,0.013024818152189255
448,0.01439035963267088
449,0.008146965876221657
450,0.011714641004800797
451,0.01188408862799406
452,0.011540058068931103
453,0.01140925008803606
454,0.011426074430346489
455,0.01293998770415783
456,0.017053555697202682
457,0.011456558480858803
458,0.00980892963707447
459,0.010419799014925957
460,0.012430471368134022
461,0.012634305283427238
462,0.009199662134051323
463,0.01356613077223301
464,0.011925389990210533
465,0.01589757576584816
466,0.013441582210361958
467,0.01497671753168106
468,0.014252384193241596
469,0.010978015139698982
470,0.01034846343100071
471,0.011029846034944057
472,0.01309351995587349
473,0.011275891214609146
474,0.008732523769140244
475,0.011642152443528175
476,0.012078586034476757
477,0.014561597257852554
478,0.010906564071774483
479,0.011165887117385864
480,0.012332946993410587
481,0.014190807938575745
482,0.02194199152290821
483,0.012765103951096535
484,0.014578104019165039
485,0.012763657607138157
486,0.014481808058917522
487,0.014696523547172546
488,0.010676776058971882
489,0.011048871092498302
490,0.01537698321044445
491,0.01621115580201149
492,0.01666046865284443
493,0.013169086538255215
494,0.012734719552099705
495,0.01621834561228752
496,0.018081238493323326
497,0.01116879004985094
498,0.015872467309236526
499,0.008440163917839527
500,0.013677294366061687
501,0.011753558181226254
502,0.012668535113334656
503,0.009840184822678566
504,0.009940079413354397
505,0.00988981407135725
506,0.014801343902945518
507,0.011817274615168571
508,0.010890072211623192
509,0.010151452384889126
510,0.011028088629245758
511,0.010491614229977131
512,0.010771927423775196
513,0.015659967437386513
514,0.014058117754757404
515,0.00834361556917429
516,0.01836833730340004
517,0.016944091767072678
518,0.013085125014185905
519,0.01517310831695795
520,0.0164861548691988
521,0.011489029042422771
522,0.015061837621033192
523,0.01769532635807991
524,0.012017504312098026
525,0.013226078823208809
526,0.017474785447120667
527,0.016252104192972183
528,0.016026653349399567
529,0.013510573655366898
530,0.014599928632378578
531,0.01612868718802929
532,0.013001512736082077
533,0.011833670549094677
534,0.011577760800719261
535,0.009545358829200268
536,0.00954978447407484
537,0.012051577679812908
538,0.008647301234304905
539,0.011848752386868
540,0.010514430701732635
541,0.009484726004302502
542,0.009845767170190811
543,0.012858609668910503
544,0.013258114457130432
545,0.01237144973129034
546,0.013354649767279625
547,0.00878914911299944
548,0.012486692517995834
549,0.012526111677289009
550,0.013883529230952263
551,0.01141761802136898
552,0.01114265713840723
553,0.00965916458517313
554,0.011489080265164375
555,0.012824744917452335
556,0.0115469666197896
557,0.006825185846537352
558,0.012356212362647057
559,0.01276809349656105
560,0.012178189121186733
561,0.008878795430064201
562,0.013525014743208885
563,0.011328628286719322
564,0.013291865587234497
565,0.009155305102467537
566,0.010482091456651688
567,0.01310309674590826
568,0.010757768526673317
569,0.012893752194941044
570,0.010262763127684593
571,0.012660243548452854
572,0.011843191459774971
573,0.013810203410685062
574,0.017516987398266792
575,0.013804647140204906
576,0.00921670999377966
577,0.01511162519454956
578,0.01051283348351717
579,0.011772973462939262
580,0.015160202980041504
581,0.011375696398317814
582,0.00992573518306017
583,0.01194705255329609
584,0.009624866768717766
585,0.010631638579070568
586,0.012957178056240082
587,0.010110563598573208
588,0.010011935606598854
589,0.009098938666284084
590,0.012354484759271145
591,0.01304802019149065
592,0.01203220896422863
593,0.01229850947856903
594,0.009902751073241234
595,0.010867718607187271
596,0.013802957721054554
597,0.01473088189959526
598,0.007936842739582062
599,0.009906678460538387
600,0.012085513211786747
601,0.01249755546450615
602,0.013430913910269737
603,0.015112221240997314
604,0.010874204337596893
605,0.012140994891524315
606,0.015523458831012249
607,0.012878093868494034
608,0.010486078448593616
609,0.010712305083870888
610,0.011361664161086082
611,0.01328231580555439
612,0.01648128032684326
613,0.010498061776161194
614,0.008907074108719826
615,0.012334879487752914
616,0.010725626721978188
617,0.015179337002336979
618,0.014254274778068066
619,0.013390387408435345
620,0.011971370317041874
621,0.01610444113612175
622,0.009870776906609535
623,0.012960338033735752
624,0.012231899425387383
625,0.012560268864035606
626,0.014552563428878784
627,0.0116672208532691
628,0.01086228433996439
629,0.01213039644062519
630,0.010684140026569366
631,0.013994833454489708
632,0.010689763352274895
633,0.009221775457262993
634,0.009731216356158257
635,0.013172850012779236
636,0.012850748375058174
637,0.009340181015431881
638,0.01185618620365858
639,0.012463346123695374
640,0.012200676836073399
641,0.013193690218031406
642,0.012036951258778572
643,0.00905862357467413
644,0.014110041782259941
645,0.011557021178305149
646,0.010145183652639389
647,0.01005407702177763
648,0.014451809227466583
649,0.012779124081134796
650,0.010261540301144123
651,0.011070230975747108
652,0.009324202314019203
653,0.011855743825435638
654,0.009497156366705894
655,0.013065245002508163
656,0.009207343682646751
657,0.013078363612294197
658,0.011127891950309277
659,0.010830525308847427
660,0.013046985492110252
661,0.012411564588546753
662,0.007299764081835747
663,0.011442700400948524
664,0.011808347888290882
665,0.012333067134022713
666,0.011931928806006908
667,0.012204665690660477
668,0.008825094439089298
669,0.01170516200363636
670,0.013099746778607368
671,0.011847064830362797
672,0.011033306829631329
673,0.0114947110414505
674,0.01527472399175167
675,0.011374600231647491
676,0.014053206890821457
677,0.013156416825950146
678,0.012500572949647903
679,0.009632743895053864
680,0.01260528713464737
681,0.011272366158664227
682,0.015091010369360447
683,0.012036368250846863
684,0.01044159010052681
685,0.012747677974402905
686,0.013115180656313896
687,0.018191155046224594
688,0.010704414919018745
689,0.010936041362583637
690,0.01681901328265667
691,0.011093389242887497
692,0.01011991873383522
693,0.013241632841527462
694,0.013466112315654755
695,0.009924182668328285
696,0.010180545970797539
697,0.009344210848212242
698,0.010098355822265148
699,0.012768923304975033
700,0.01631646603345871
701,0.0110367676243186
702,0.01301179826259613
703,0.010992012917995453
704,0.013091403059661388
705,0.012213357724249363
706,0.014133838005363941
707,0.012072160840034485
708,0.007328301202505827
709,0.01245616003870964
710,0.011084387078881264
711,0.011367030441761017
712,0.009190371260046959
713,0.011954765766859055
714,0.012329300865530968
715,0.010562986135482788
716,0.009464873000979424
717,0.013786808587610722
718,0.011843356303870678
719,0.01650613732635975
720,0.009922240860760212
721,0.009585455991327763
722,0.012085562571883202
723,0.00864318199455738
724,0.0095084672793746
725,0.009546336717903614
726,0.011884710751473904
727,0.008118470199406147
728,0.013542517088353634
729,0.01346120797097683
730,0.0104617178440094
731,0.010870160534977913
732,0.011140288785099983
733,0.010672200471162796
734,0.009400961920619011
735,0.010676384903490543
736,0.009894467890262604
737,0.013740657828748226
738,0.00970549788326025
739,0.010181054472923279
740,0.012342697009444237
741,0.012223351746797562
742,0.0092903021723032
743,0.013010899536311626
744,0.015422243624925613
745,0.013333281502127647
746,0.01542520709335804
747,0.014590905979275703
748,0.013848192989826202
749,0.01145491749048233
750,0.01273195818066597
751,0.009918161667883396
752,0.012067411094903946
753,0.010551230981945992
754,0.011544212698936462
755,0.013435724191367626
756,0.00782595481723547
757,0.011430257931351662
758,0.011657309718430042
759,0.012850583530962467
760,0.014471316710114479
761,0.013517381623387337
762,0.011091749183833599
763,0.010176523588597775
764,0.009971212595701218
765,0.011720281094312668
766,0.014267203398048878
767,0.011306267231702805
768,0.010446437634527683
769,0.009837597608566284
770,0.012890446931123734
771,0.008912516757845879
772,0.010233461856842041
773,0.013330328278243542
774,0.009117173962295055
775,0.01156927365809679
776,0.01465673092752695
777,0.01271971594542265
778,0.01585119590163231
779,0.01421838067471981
780,0.010186146013438702
781,0.010315872728824615
782,0.00852962862700224
783,0.009260793216526508
784,0.014778084121644497
785,0.011680430732667446
786,0.013255389407277107
787,0.008243579417467117
788,0.00941154919564724
789,0.015062475576996803
790,0.010910682380199432
791,0.012275554239749908
792,0.012039155699312687
793,0.013057556934654713
794,0.011036139912903309
795,0.009079433046281338
796,0.010576985776424408
797,0.013402468524873257
798,0.011651943437755108
799,0.011207913979887962
800,0.0086329011246562
801,0.010014762170612812
802,0.015096385963261127
803,0.010196525603532791
804,0.015815524384379387
805,0.010784341022372246
806,0.010640724562108517
807,0.015811577439308167
808,0.008907013572752476
809,0.008021379821002483
810,0.010715805925428867
811,0.012188855558633804
812,0.008160087279975414
813,0.012480593286454678
814,0.012487644329667091
815,0.015125996433198452
816,0.01464758813381195
817,0.011647378094494343
818,0.010521242395043373
819,0.010516591370105743
820,0.013870781287550926
821,0.010999264195561409
822,0.012800756841897964
823,0.010470314882695675
824,0.012241089716553688
825,0.010212143883109093
826,0.016220537945628166
827,0.010844572447240353
828,0.008246534503996372
829,0.015943653881549835
830,0.011846373789012432
831,0.010975257493555546
832,0.011358600109815598
833,0.010460574179887772
834,0.009583275765180588
835,0.010511703789234161
836,0.011153021827340126
837,0.009837919846177101
838,0.012710968032479286
839,0.0095501858741045
840,0.009036796167492867
841,0.0090677160769701
842,0.010535867884755135
843,0.0095148216933012
844,0.013694830238819122
845,0.01227442268282175
846,0.009336041286587715
847,0.014347919262945652
848,0.012834424152970314
849,0.013656381517648697
850,0.007945176213979721
851,0.012470387853682041
852,0.009106947109103203
853,0.013903609476983547
854,0.01120772771537304
855,0.013052443973720074
856,0.006002855021506548
857,0.008823228999972343
858,0.011682332493364811
859,0.011360546573996544
860,0.012391156516969204
861,0.009916325099766254
862,0.014041917398571968
863,0.009771964512765408
864,0.008221111260354519
865,0.013356545008718967
866,0.008803794160485268
867,0.010329540818929672
868,0.00969958957284689
869,0.011560836806893349
870,0.010973533615469933
871,0.011651840060949326
872,0.008103892207145691
873,0.01111488975584507
874,0.013644338585436344
875,0.01315724104642868
876,0.013453253544867039
877,0.008748756721615791
878,0.01183997094631195
879,0.009882673621177673
880,0.007667615544050932
881,0.011435047723352909
882,0.0130879245698452
883,0.010611294768750668
884,0.011536254547536373
885,0.011363244615495205
886,0.014697520062327385
887,0.00974071491509676
888,0.009994582273066044
889,0.006769057363271713
890,0.010466085746884346
891,0.010316851548850536
892,0.012683358043432236
893,0.00996866449713707
894,0.012843752279877663
895,0.01322263851761818
896,0.011857529170811176
897,0.01212314423173666
898,0.00828571431338787
899,0.009840958751738071
900,0.01190589927136898
901,0.00845925323665142
902,0.011266889981925488
903,0.0103903878480196
904,0.01511331181973219
905,0.013192795217037201
906,0.012312990613281727
907,0.010511316359043121
908,0.01274652499705553
909,0.014058435335755348
910,0.011527908965945244
911,0.010872145183384418
912,0.009578452445566654
913,0.009090147912502289
914,0.014176555909216404
915,0.013706797733902931
916,0.012499270960688591
917,0.01169569045305252
918,0.01212342269718647
919,0.009669290855526924
920,0.018166134133934975
921,0.015730928629636765
922,0.009569271467626095
923,0.011473680846393108
924,0.010547217912971973
925,0.013609133660793304
926,0.010954244062304497
927,0.00932187307626009
928,0.013554174453020096
929,0.011100107803940773
930,0.007722609676420689
931,0.011208472773432732
932,0.00905782449990511
933,0.015458747744560242
934,0.012481971643865108
935,0.009773558005690575
936,0.012373019009828568
937,0.010707439854741096
938,0.011981678195297718
939,0.010262083262205124
940,0.012023258954286575
941,0.009331579320132732
942,0.009595678187906742
943,0.011527525261044502
944,0.007819147780537605
945,0.010197161696851254
946,0.009605150669813156
947,0.01435180939733982
948,0.014823545701801777
949,0.010115998797118664
950,0.009200611151754856
951,0.0089341402053833
952,0.011043854057788849
953,0.01710417866706848
954,0.009659571573138237
955,0.010934312827885151
956,0.013884062878787518
957,0.008199815638363361
958,0.019673457369208336
959,0.009096170775592327
960,0.010256675072014332
961,0.010705212131142616
962,0.013725148513913155
963,0.009050334803760052
964,0.01096102874726057
965,0.009733752347528934
966,0.010258177295327187
967,0.009226756170392036
968,0.009265189059078693
969,0.010782074183225632
970,0.009500162675976753
971,0.011646119877696037
972,0.009849341586232185
973,0.01059284433722496
974,0.010809333994984627
975,0.010064850561320782
976,0.009937825612723827
977,0.007541732396930456
978,0.00917732808738947
979,0.008654856123030186
980,0.009480433538556099
981,0.007719193585216999
982,0.009564143605530262
983,0.006816648878157139
984,0.011623366735875607
985,0.013344449922442436
986,0.011834107339382172
987,0.009945482015609741
988,0.011308887973427773
989,0.009071353822946548
990,0.012289335951209068
991,0.012006962671875954
992,0.011429310776293278
993,0.008917453698813915
994,0.009296719916164875
995,0.007753914222121239
996,0.009963818825781345
997,0.010805947706103325
998,0.015010874718427658
999,0.0121879568323493
